0 0 0 0 0 0 128 0 0 0 0 0 0 0 0 0 1 0 0 0 341 1 158 0 1641 0 1 3 0 6 72 0 0 0 1 0 0 0 0 33 0 0 0 0 0 0 898 1342 436 0 0 0 0 0 0 0 39 0 72 1 0 0 0 0 0 0 0 1 0 130 50 218 577 1 1 1 0 0 0 0 0 0 0 0 0 0 0 0 0 0
0 361 0 0 1671 191 2 2 0 0 12 1 939 0 0 28904 0 0 0 0 18683 3 2 69 4 0 4 2 37 7 0 0 0 0 0 0 25 0 1 0 1 0 1 0 0 0 0 0 0 1 1 0 0 0 0 14 517 0 0 2 0 0 1 1 0 0 1 5 0 0 0 0 0 0 1 22 0 10 112 0 0 0 0 16 5 4 12 3 2 19
0 0 0 1 0 0 18332 0 0 0 0 0 0 0 0 0 0 0 0 0 27043 5 367 0 62199 0 1 116 0 2 0 3 0 0 2 0 0 0 1 1 6 0 1 0 0 5 0 8037 367 1 2 2 0 4 0 1 787 0 0 0 0 1 0 1 0 0 0 0 0 496 299 1 0 2 1 0 0 0 236 2 0 0 0 0 0 0 0 0 0 0
0 0 2 438 7 1 40203 0 0 0 0 0 1 0 0 2 0 983 0 0 12640 29 629 0 18401 110 40 1 2 23 146 1 0 0 4 0 0 1 0 0 5 0 0 0 0 0 25598 17097 448 0 0 0 0 0 0 14 1432 78 0 2 0 0 0 0 0 0 0 3 0 1944 1664 1 0 72 8 0 0 0 26 16 1008 34 0 0 1 0 0 0 1 1
77 18 0 0 444 17 9 31 0 32 0 58 240 54 24 2874 0 0 116 124 7944 1 97 8 5 0 70761 85 1505 112 0 0 0 7 7 11 60 91 0 0 0 0 0 0 1 0 1 3 1 0 0 0 0 0 0 8 138 32 0 0 33 0 9 6 0 0 0 1 958 0 0 0 0 15 0 0 1 0 31 8 0 0 0 2 1 2 5 0 0 0
0 101 0 0 5 3 206 0 0 0 0 4 3 0 0 2770 1 1 1 0 83489 0 137 0 5741 1 4 13 0 0 0 0 2 0 8 0 0 0 0 0 2 0 0 1 1 3 35 7107 1 0 0 0 1 0 0 0 1087 1 0 0 0 0 0 0 0 0 0 0 0 0 24 0 3 0 8 0 0 0 706 0 0 0 0 1 0 0 1 0 0 0
0 0 0 3 57 45 1449 0 0 0 0 0 75 0 0 0 0 10 0 1 20801 265 939 5 606 41 32 9624 8 63 0 0 0 0 1 0 0 4 1 0 1 3 10 0 0 2 1114 4123 4 0 8 0 0 0 0 0 659 24 0 2 0 48 2 32 23 7 14 0 12 149 257 9 1 57 0 0 0 0 70 0 10 0 0 0 2 0 0 0 1 0
0 0 0 0 4 4 12 0 0 0 3 0 2 0 0 4 0 0 0 0 24409 1 0 0 3442 0 4 1 1 0 0 0 0 0 0 0 0 1 1 0 0 2 0 0 0 0 0 8 1 0 2 0 0 0 0 0 1404 0 0 0 0 0 0 0 0 0 1 0 0 0 1 0 3 0 9 0 0 0 97 0 0 0 0 0 0 0 0 0 0 0
0 0 0 0 0 0 1 0 0 0 0 0 0 0 0 0 0 0 0 0 1 7 1 0 4 0 3 7 37 87 83 2 1 2 3 0 0 9 8 1 0 0 5 0 0 1 0 0 0 2 4 0 0 1 1 1 0 0 0 0 3 0 30 49 0 0 21 1 0 0 0 0 1 57 0 0 4 0 0 0 0 0 0 0 0 0 0 0 0 0
58 791 0 0 75 83 20 10 13 42 0 319 55 16 32 7902 0 3 3684 56 89823 5 1754 21 975 0 29291 49 21 1 0 0 0 2 7 7 1 9 0 1 0 1 10 0 0 5 2 10 1 1 6 0 1 0 0 0 1856 0 0 1 0 0 16 8 0 0 2 0 0 1 2 1 0 29 2 0 0 0 619 0 0 2 0 6 1 0 1 0 0 0
0 0 0 0 0 0 557 0 0 0 150 0 0 0 0 1 0 0 0 0 2862 1 46 0 1747 1 2 3 463 0 1 1 0 0 6 0 0 0 167 468 0 2 38 2 0 0 0 343 166 1 16 0 0 0 0 0 36 0 0 0 0 0 1 12 0 0 7 0 0 141 0 0 0 0 0 0 0 0 14 0 99 0 0 0 0 0 0 0 0 0
0 0 0 131 46611 44965 0 0 0 0 0 0 48910 0 0 10 1 95 0 0 10 1183 175 1015 0 6 1 0 22 159 59 2 4 0 10 0 0 15 1 22 0 0 1 9 0 0 0 0 0 2 0 0 3 2 7 13 0 11 0 0 71 0 17 8 0 0 3 41 24 0 0 0 1 164 0 15 24 0 0 0 6 9 1 0 271 89 351 133 144 0
0 0 0 1 1 0 172 1 0 0 0 12 0 0 0 17 0 2 0 0 6326 31 103 0 2154 0 14 5 0 6 1 0 0 0 1 0 2 0 0 50 1 2 6 0 0 0 246 1060 100 0 0 0 0 0 0 0 612 0 4 0 0 0 0 2 1 5 0 0 0 182 103 253 621 2 2 0 0 0 26 0 0 0 0 0 0 0 0 0 1 0
0 0 0 0 0 0 1534 0 0 0 0 4 2 0 0 0 0 0 0 0 869 0 141 1 7810 0 0 0 0 0 1 0 0 0 0 0 0 0 0 0 0 0 0 0 0 0 8 2899 4 0 0 0 0 0 0 0 42 0 5 0 0 5 0 1 0 0 0 0 0 83 69 11 4399 0 0 0 10 0 2 0 0 0 0 0 0 0 1 0 0 0
0 0 0 0 0 0 18 0 0 0 0 0 0 0 0 1 0 0 0 0 350 0 3 0 318 0 4 0 1 1 0 0 0 0 6 0 0 0 0 0 2 0 0 0 0 0 1 56 9 0 0 0 0 0 0 0 14 0 0 0 0 0 0 0 0 0 0 0 0 1 11 0 0 0 0 0 0 0 0 0 0 0 0 0 0 0 0 0 0 0
0 0 0 40 3307 1929 160 0 0 0 0 0 2967 0 0 0 0 0 0 0 2 1 65 54 850 0 10 3 0 122 0 0 2 0 10 0 18 0 0 31 1 14 37 3 7 0 0 0 0 1 14 0 3 0 0 82 0 82 0 1 0 0 0 9 0 0 2 3 0 0 0 0 0 164 0 0 0 0 0 4 0 12 0 0 22 7 25 6 9 0
0 0 0 0 0 0 137 0 0 0 1 17 0 0 0 71 0 0 0 0 6476 2 8 0 1658 0 2 3 15 1 0 0 0 0 0 0 0 9 0 0 0 0 0 0 0 0 0 334 2 0 0 0 0 0 0 0 1266 0 0 1 0 0 0 0 0 0 0 0 0 3 29 4 0 0 1 0 0 1 7 0 0 0 0 0 0 0 0 0 0 0
1 1422 0 0 0 0 5 0 0 0 0 0 0 0 0 23231 0 0 0 0 35719 0 0 0 11 0 6 1 0 0 0 0 0 0 14 0 0 1 0 0 0 2 0 0 0 0 0 1 3 0 0 0 0 0 0 0 4083 0 0 0 0 1 0 3 0 0 0 0 0 1 0 1 0 0 26 0 0 0 67 0 0 0 0 32 0 0 0 0 0 0
0 12 1 3 36732 1019 4 0 0 0 26 0 13776 0 0 1580 1 25 0 0 819 32 18 1916 13 0 1 30 319 14 3 0 0 3 1 0 15 64 0 0 14 0 0 0 0 32 0 0 1 0 0 0 0 0 0 8 26 0 0 3 14 0 3 34 0 0 8 1 25 0 1 0 0 13 0 0 3 5 3 0 0 0 0 0 436 73 481 37 138 9
22 0 4 1 100 79 0 2 1 17 25 0 94 40 30 4 1 1 3 121 83 0 8 4 4 0 58564 14 10 57 9 0 1 1 2 13 13 16 6 0 0 1 1 0 0 0 0 0 0 1 3 0 0 1 0 15 3 10 0 0 1 0 3 2 0 0 1 52 45 0 0 0 0 21 0 72 0 0 1 0 0 0 129 0 1 1 0 0 0 3
0 0 0 0 1 0 13 0 0 0 0 442 0 0 0 1 0 0 1 0 79747 23 57 0 2671 0 158 80 143 37 0 2 1 7 14 0 10 29 1 2 3 1 1 0 0 8 4 2 4 3 1 0 0 0 0 0 1521 0 0 0 0 0 0 0 0 0 0 0 0 0 4 0 0 0 2 0 0 0 256 0 0 0 0 0 0 0 0 0 0 0
0 0 117 0 18486 1314 0 11 0 0 15 0 7097 0 0 0 1 16 1 1 28579 0 5 1146 6 1 25 33 39 2 0 0 0 0 6 0 2 0 1 0 0 0 0 0 0 0 0 5 0 4 0 0 1 0 0 1 910 2 0 0 0 0 0 0 0 0 0 0 0 0 0 0 0 0 5 0 0 0 169 0 0 0 0 0 117 49 80 20 21 0
1 0 0 0 111 33 3 0 0 0 0 0 67 0 0 1 0 0 0 1 49528 1 523 24 3954 0 94 2 1 0 0 1 0 0 0 0 0 0 2 0 1 0 0 0 0 0 0 1 2 0 0 1 2 0 0 0 1765 0 0 1 1 0 1 1 0 0 0 0 0 0 1 5 0 0 3 0 0 0 185 0 0 0 0 0 0 0 0 0 0 0
0 0 0 0 0 0 37 0 0 0 0 0 0 0 0 0 0 0 0 0 37 2 49 0 525 0 29 0 0 0 1 0 1 0 2 0 0 0 0 0 2 0 0 0 0 0 130 373 2 0 0 0 0 0 0 0 13 0 0 0 0 0 0 0 0 0 0 0 0 22 7 5 373 0 0 0 0 0 0 0 0 0 0 0 0 0 0 0 0 0
0 0 0 0 0 0 1737 0 0 0 0 0 0 0 0 0 0 0 0 0 767 5 23 0 1975 0 0 21 1 4 2 0 0 0 2 0 2 0 0 0 1 0 0 0 0 1 0 448 0 1 0 0 1 0 0 0 39 1 1 0 1 0 1 1 0 0 0 1 0 0 1 0 0 0 0 0 0 0 1 0 0 0 0 0 0 0 0 0 0 0
0 0 0 0 0 0 2808 0 0 0 0 0 0 0 0 0 0 8 0 0 1396 7 79 0 4547 0 4 3 0 2 3 0 0 0 2 0 0 0 0 0 4 2 1 0 0 1 185 1473 12 1 1 0 0 0 0 0 138 0 0 3 0 0 0 0 0 2 0 0 1 148 168 69 3177 7 3 0 0 0 2 0 0 0 0 0 0 0 0 0 0 0
0 0 0 0 0 0 11878 0 0 0 0 0 0 0 0 0 0 5 0 0 8823 17 73 0 14810 0 4 0 1 23 6 0 0 0 0 0 0 0 0 0 0 1 11 0 0 0 0 2640 156 0 1 0 0 0 0 2 258 6 3 0 0 0 0 4 0 0 0 1 4 53 471 1724 0 16 1 0 0 0 31 1 0 17 0 0 0 0 0 0 0 0
0 0 0 0 0 0 485 0 0 0 0 1 0 0 0 0 0 0 0 0 2956 127 1818 0 5727 0 0 34919 1 40 1 1 0 0 6 0 0 0 0 2 0 2 1 0 0 0 3580 131 41003 0 0 0 1 102 2 0 77 50 0 1 0 84 26 32 3 6 9 2 0 777 1320 566 3130 3 0 0 0 0 10 0 8 1 1 0 0 0 0 0 0 0
0 0 0 1 0 0 0 0 0 0 0 0 0 0 0 1 0 0 1 0 3145 0 0 0 900 0 11 3 1 0 0 0 1 0 0 0 0 0 0 0 0 0 0 0 0 1 0 0 0 0 0 0 0 0 0 0 60 0 0 0 0 0 2 5 0 0 0 0 0 0 0 0 0 0 0 0 0 0 9 1 0 13 0 0 0 0 0 0 0 0
0 0 0 0 2 0 2658 0 0 0 1 0 0 0 0 1 3 0 1 0 14974 0 117 0 33352 0 10 0 2 0 0 3 3 0 11 0 0 0 1 1 3 0 0 0 0 0 199 2759 42 4 0 0 3 0 2 0 1435 0 0 0 0 0 0 0 0 0 0 0 0 310 1375 217 0 1 7 0 0 0 25 0 0 0 0 0 0 0 0 0 0 0
0 15 5 0 0 0 0 2 0 0 6 0 0 0 0 81 0 0 0 0 13818 5 1 0 7 0 4 7 4 0 0 0 0 0 2 0 0 0 0 0 0 1 1 0 0 0 0 0 3 0 0 0 0 0 0 1 490 0 0 0 0 0 0 0 0 0 0 0 0 0 0 0 0 0 1 0 0 0 44 0 0 0 0 0 0 0 0 0 0 3
0 1 0 0 1 0 685 0 0 0 0 4 1 0 0 16 400 0 1 0 16179 1 124 0 15465 0 0 16 6 0 0 47 0 2 2802 0 2 9 0 0 0 0 0 2 0 0 16 50 2737 58 0 0 1 5 0 0 391 0 3 0 0 0 0 0 0 0 0 0 0 35 108 2007 1 0 1 0 0 0 64 0 0 0 0 0 0 0 0 0 0 0
0 0 0 0 2 0 0 0 3 0 0 0 0 0 0 128 598 0 14 2 317 0 0 0 4 0 341 15 0 0 0 1 3 0 19508 0 0 0 0 0 11170 0 2 29 20 12899 0 2 0 0 0 21 14 51 3 0 20 0 1 4955 0 0 0 0 0 0 0 0 0 0 0 0 1 0 0 0 1 0 1 0 0 0 0 0 0 0 0 0 0 0
0 0 0 0 0 0 4203 1 0 0 0 2 0 0 0 0 2 1 0 0 1108 20 1708 0 4145 2 16 49830 14 10 4 0 0 0 8 0 0 1 0 0 0 0 3 1 0 0 0 2596 1 1 1 0 1 4 3 0 45 0 0 0 0 1645 1 0 0 1 0 0 1 0 1283 0 0 0 5 0 0 0 5 0 0 1 0 0 0 0 0 0 0 0
0 0 0 170 0 0 1712 0 0 0 0 0 0 0 0 3 2 0 0 1 0 0 277 0 1998 315 124 0 5 100 122 1 2 0 1 0 4 1 0 54 0 0 0 0 0 0 8121 1962 2793 1 0 4 0 4 1 0 0 18 763 0 0 422 2 0 584 0 1 0 0 1133 743 330 0 0 0 0 0 0 0 0 2399 20 0 0 0 0 0 0 0 0
0 1 0 0 0 0 0 0 0 0 0 49 0 0 0 45 0 46 0 0 51668 0 0 0 1 0 0 0 0 0 0 0 0 0 7 0 0 0 0 0 0 0 0 0 0 0 0 0 17 0 0 0 0 0 0 0 1188 0 0 1 0 0 1 0 0 0 0 0 0 0 0 0 0 0 1 0 85 0 337 0 0 0 0 0 0 0 0 0 0 0
0 0 0 0 1 0 0 0 0 0 0 0 0 0 0 0 1491 19 0 0 13 0 0 0 3 0 0 1 0 0 0 1294 930 0 9170 0 0 1 1 0 46 38 424 361 418 7 0 1 2 2097 139 0 6970 1022 5203 0 0 0 0 22 0 0 0 0 0 0 0 0 0 0 1 0 0 0 0 0 0 0 0 0 0 0 0 0 0 0 0 0 0 0
0 277 0 0 260 157 3494 0 0 0 0 30 141 0 0 1321 0 0 0 0 33802 0 111 93 28698 0 0 0 1 3 0 2 0 0 3 0 0 0 0 0 2 0 0 0 0 3 787 0 8 0 0 0 0 0 0 0 1315 0 0 0 1 674 2 0 0 1 0 0 0 56 142 32 0 0 1 0 0 0 139 0 0 0 0 2 2 1 2 1 1 0
0 2 0 0 0 0 266 1 0 0 1 3 0 0 0 34 0 0 0 0 1899 2 42 0 2874 0 40 11 3 0 1 0 1 1 0 0 2 0 0 0 1 0 0 0 0 0 0 1826 89 0 0 0 1 0 0 0 45 0 0 1 0 0 0 0 0 0 0 1 1 3 25 6 714 0 2 0 1 0 10 0 0 0 0 0 0 0 0 0 0 0
0 0 0 0 0 0 10585 0 0 0 0 0 0 0 0 0 0 7 0 0 11612 0 186 0 24325 0 2 26 25 0 0 0 1 0 0 0 0 3 0 0 0 0 1 0 0 0 0 1775 52 0 0 0 0 0 0 0 512 0 0 0 0 0 0 0 0 0 0 0 0 118 1647 797 0 0 2 0 28 0 51 0 0 0 0 0 0 0 0 0 0 0
5 74 3 1 1 1 11 0 1 3 6 3 1 16 2 11265 0 0 223 40 27531 8 3 0 27 1 8483 0 16 9 0 0 0 0 0 10 0 0 0 0 6 0 0 11 9 5 1 10 0 0 0 0 0 694 0 2 1194 0 0 1 0 0 0 0 2 0 0 0 0 0 2 1 3 2 1 1 4 0 55 1 0 0 0 13 0 0 0 0 0 0
0 0 0 0 0 0 15 0 0 0 1 0 0 0 0 1 0 347 0 0 2062 39 131 0 51447 6 3 4425 22 44 1 0 0 0 6 0 0 4 0 0 0 0 0 0 2 0 0 12311 1 0 0 0 0 1 0 2 50 0 0 0 0 0 1 18 0 0 4 0 94 0 3075 9982 1 3 0 7 0 0 4 1 0 0 0 0 0 0 0 0 0 0
46 1 1 0 1 1 0 1 13 22 1 0 1 99 20 90 0 0 107 275 2583 0 8 0 1 0 106490 1 0 0 0 0 1 2 1 14 0 10 11 0 1 0 9 0 0 0 0 0 0 0 0 0 0 0 0 0 53 0 0 1 0 0 1 0 0 0 0 3 0 0 0 0 0 4 0 0 15 0 12 0 0 0 0 0 0 0 0 0 0 1
0 161 0 0 0 0 7 0 0 0 0 0 0 0 0 47778 0 0 0 0 3 0 0 0 10 0 6 0 34 13 0 0 0 0 0 0 1 2 0 0 0 0 0 0 0 0 0 4 0 0 0 0 0 0 0 0 0 0 0 0 6 0 0 0 0 0 0 0 20 2 0 0 0 0 0 9 0 0 0 0 0 0 12 52 0 0 0 0 0 0
0 0 0 0 2 1 40 0 0 0 8 18 0 0 1 1 0 0 0 0 30587 0 0 0 893 0 87 41 0 0 0 0 0 0 1 0 0 0 0 0 10 0 0 0 0 10 0 0 0 0 0 0 0 0 1 0 574 0 0 13 0 0 1 0 0 0 0 0 0 0 0 0 0 0 0 0 0 0 220 0 1 0 0 0 0 0 0 0 0 2
0 0 0 0 0 1 1 0 0 0 0 437 0 0 0 4 0 0 0 0 79181 0 0 0 61 0 38 0 1 0 0 0 3 0 0 0 5 0 0 0 0 0 1 0 0 0 0 0 0 0 0 0 0 2 0 0 1506 0 0 0 0 0 0 0 0 0 0 0 0 0 0 1 0 0 4 0 0 0 233 0 0 0 0 0 0 0 0 0 0 0
0 0 0 7 0 0 1888 1 0 0 0 10 0 0 0 6 2 0 0 0 37667 136 35 0 8239 107 6 279 1 33 5 0 1 1 4 0 0 6 0 0 0 0 0 0 0 2 9 1840 181 0 0 1 1 0 0 0 548 14 0 0 0 0 0 0 0 0 0 0 0 2 127 1 3 0 1 0 0 0 159 0 0 0 0 0 0 0 0 0 0 0
0 1 0 0 11 1 0 0 0 0 0 0 6 0 0 153 1 0 0 1 43468 17 0 0 13 0 30 6 0 0 0 0 0 0 7 0 0 0 0 0 0 0 1 0 0 1 0 0 0 0 1 0 0 0 0 0 1231 0 0 1 0 0 5 0 0 0 0 14 0 0 0 0 1 1 4 0 0 6 125 0 0 0 0 0 1 0 0 0 1 0
0 0 0 1 7 1 5261 0 0 0 0 0 3 0 0 1 0 3 0 0 1159 112 143 0 12987 0 37 2 1 89 42 0 0 0 0 0 0 0 0 6 0 0 0 0 0 0 2902 797 1264 0 0 0 0 0 0 1 32 1 766 0 2 37 0 0 0 0 0 18 0 325 937 0 0 38 0 5 0 0 1 0 4 1 34 0 0 0 1 0 0 0
101 10 0 64 19 3 1 0 0 8 226 0 16 700 10 3433 0 0 10 256 69 1109 74 1 9 78 76575 0 249 584 136 0 2 0 7 15 376 0 1 0 0 82 199 0 0 2 1 0 0 0 115 85 1 0 1 2 3 0 0 13 0 0 0 22 0 0 6 86 0 0 0 0 0 232 0 170 0 244 0 0 0 0 0 2 0 0 0 0 0 174
97 15 0 0 0 0 0 0 13 108 0 49 0 51 66 2385 0 0 62 177 364 0 0 0 2 0 61119 1 1 1 0 0 1 0 5 21 0 0 0 0 0 0 1 1 0 1 0 0 0 0 0 0 0 1 0 0 8 0 0 0 0 0 0 0 0 0 0 0 2 0 0 1 0 0 0 0 0 0 0 0 0 0 0 0 0 0 0 0 0 0
0 0 0 0 0 0 9919 0 0 0 0 0 0 0 0 3 0 0 0 0 9509 3 66 0 6188 0 15 364 0 6 3 0 0 0 0 0 0 0 0 0 0 0 0 0 0 0 0 1 133 0 0 0 0 0 0 0 338 2 13 0 0 0 0 0 0 4 0 0 0 147 567 0 0 0 1 0 0 0 27 0 0 0 0 0 0 0 0 0 0 0
41 0 3 0 72 10 0 0 20 12 0 45 50 57 15 215 0 0 137 158 494 1 0 14 4 0 76551 0 6 0 0 0 1 1 11 24 0 1 0 0 0 0 1 0 0 1 0 0 1 4 0 0 0 0 0 0 2 0 0 0 0 0 1 1 0 0 1 0 0 0 0 0 0 0 0 0 3 0 3 0 1 0 0 0 0 0 0 0 0 1
0 0 0 0 0 0 4167 0 0 0 0 0 0 0 0 3 0 0 0 0 16393 0 126 0 4387 0 4 0 0 0 0 0 0 0 0 0 0 0 0 0 0 0 0 0 0 0 0 2136 7 0 0 0 0 0 0 0 626 0 0 0 0 0 0 0 0 1 0 0 0 0 16 12 373 0 2 0 0 0 36 0 0 0 0 0 0 0 0 0 0 0
30 0 0 1 0 0 4 1 1 15 12 0 0 69 15 0 1 1 8 210 19 0 2 0 2 0 46836 2 12 5 1 0 0 2 13 11 7 27 6 0 3 0 2 0 0 2 0 2 0 0 0 0 0 0 0 0 1 0 0 0 4 0 0 26 0 0 6 2 0 0 0 0 0 10 0 14 4 1 0 1 0 0 19 0 0 0 0 0 0 34
0 0 0 1 0 0 8670 0 0 0 0 0 0 0 0 0 1 14 1 0 262 16 547 0 43478 3 14 46 3 22 151 0 0 0 5 0 2 0 1 0 2 1 6 0 0 1 6601 2438 1932 0 3 1 0 1 0 1 23 1 123 0 0 293 0 3 1 24 1 0 1 772 3229 1506 1 1 0 0 0 0 0 0 0 0 0 0 0 0 0 0 0 0
0 210 2 1 0 1 2 0 0 0 0 135 3 0 0 1143 0 12 0 0 46424 191 0 0 3142 1 0 587 3 10 10 1 1 0 7 0 2 0 19 0 4 0 0 0 0 1 0 3 0 1 0 0 0 0 0 1 1388 0 0 0 0 0 60 34 0 0 12 0 0 1 0 1 0 1 6 0 1 0 305 0 187 0 0 2 0 0 0 0 0 0
0 0 10 0 0 0 1 0 0 0 0 0 0 0 0 0 0 0 0 1 9284 0 0 0 0 0 189 0 0 0 1 0 0 0 1 0 60 1 0 0 4 0 0 0 0 4 0 1 0 0 0 0 0 0 0 0 150 0 0 2 0 0 1 32 0 0 11 1 0 0 0 0 0 104 0 81 0 422 65 0 0 0 0 0 0 0 0 0 0 13
11 0 0 0 1 0 5 0 16 36 0 67 0 49 9 11 0 0 158 165 927 0 0 0 5 0 43640 0 1 2 0 0 0 0 3 8 0 1 0 0 0 0 1 0 0 0 0 1 0 0 0 0 0 1 0 0 28 0 0 0 0 0 0 0 0 0 0 0 0 0 0 0 0 0 0 0 0 0 3 0 0 0 0 0 0 0 0 0 0 0
17 0 2 0 0 0 2 0 3 7 0 33 0 23 9 193 1 0 5 108 50 0 1 0 47 0 20955 8 1 3 0 0 0 0 5 7 0 0 0 0 6 0 0 0 0 0 2 4 7 0 0 0 1 0 0 0 3 1 0 3 0 1 2 2 0 0 0 0 0 1 3 6 0 1 0 0 0 0 1 1 0 0 0 1 0 0 0 0 0 0
6 30 0 87 337 117 207 1 6 10 0 0 272 36 14 9668 0 1309 1 120 15 3688 494 39 1465 323 26429 2102 61 745 19 0 0 0 0 4 0 0 0 0 0 2 11 0 0 0 0 0 2 0 6 0 0 0 0 28 2 702 0 0 5 0 0 273 0 0 115 0 41 0 1 0 0 663 0 18 6 0 0 0 0 464 3 13 9 2 13 2 4 0
0 0 0 0 0 0 1616 0 0 0 0 0 0 0 0 0 0 6 0 0 14889 0 42 0 21922 1 13 23 5 4 0 0 0 0 7 0 1 0 1 0 1 0 2 0 0 1 12 2716 2 0 1 0 0 1 0 0 1986 1 0 1 0 0 22 0 1 0 0 0 0 11 160 9 56 3 10 0 0 0 26 0 0 0 0 0 0 0 0 0 0 0
0 0 0 0 0 0 0 0 0 0 0 0 0 0 0 0 2 0 0 0 6 0 0 0 0 0 3 0 0 0 0 0 0 0 1 0 0 0 0 0 0 0 1 0 0 0 0 0 1 0 0 0 0 0 0 0 0 0 0 0 0 0 1 0 0 0 0 0 0 0 0 0 0 0 0 0 0 0 0 6 0 0 0 0 0 0 0 0 0 0
0 0 0 0 0 0 3 0 0 0 0 2 0 0 0 2 0 0 0 0 315 0 0 0 34 0 12 2 0 1 1 0 0 0 3 0 1 0 1 0 24 0 0 0 0 14 1 1 2 0 0 0 1 0 1 0 5 0 0 19 2 0 1 14 0 0 5 0 0 0 0 0 0 0 0 0 0 0 1 0 0 0 0 0 0 0 0 0 0 0
0 485 0 63 9141 4103 4 0 0 0 0 530 7259 0 0 10059 2 8 0 0 97155 252 34 1601 90 63 22 1 1 123 30 0 1 0 5 0 0 0 32 0 0 0 0 0 4 2 2 13 1 0 0 0 32 0 1 33 2003 0 0 3 145 0 3 320 0 0 169 127 24 1 3 1 2 20 0 1 0 0 393 0 0 28 0 9 50 53 46 15 21 0
0 0 3 0 36 59 136 0 0 0 0 0 54 0 0 0 0 121 0 0 60149 0 27 4 110 0 0 53 0 121 0 0 0 1 11 0 0 20 0 0 31 0 0 0 3 204 0 0 16 0 0 0 0 1 0 40 1454 0 0 79 0 0 0 0 0 0 0 0 1 0 0 4 0 0 2 52 10 0 167 12 0 0 0 0 0 0 0 0 0 0
0 0 0 0 0 0 11568 0 0 0 0 52 0 0 0 0 0 0 0 0 26229 0 1002 0 43268 0 9 0 0 1 0 0 0 0 0 0 0 0 0 0 1 0 0 0 0 0 0 2820 450 0 0 0 0 0 0 0 769 0 0 0 0 0 0 0 0 23 0 0 0 170 2872 572 0 0 1 0 0 0 72 0 0 0 0 0 0 0 0 0 0 0
69 7 0 0 0 0 54 43 5 28 0 0 0 176 13 69 0 0 7 610 103 0 33 0 138 0 149280 54 231 15 0 0 0 4 1 25 0 45 0 0 0 0 0 0 0 0 47 14 0 0 0 6 0 0 0 0 3 0 0 0 0 0 0 0 0 0 0 0 0 0 33 15 0 1 0 0 0 0 0 0 0 0 0 0 0 0 0 0 0 0
9 12 0 92 2569 87 1469 0 0 33 6 0 981 50 17 3427 0 0 1 92 11 190 437 500 7357 29 25237 229 91 351 47 0 0 2 0 6 9 25 209 5 5 23 41 0 14 1 0 1 0 0 14 1553 1 0 1 32 1 395 0 1 2 0 6 176 292 0 19 7 90 0 0 0 0 1747 0 3 5 1 0 0 0 1362 30 5 31 21 9 7 5 6
0 0 3 0 102 60 1778 0 0 0 2 0 96 0 0 3 1 1 0 0 82388 0 36 31 8575 0 14 0 1 1 1 0 1 0 7 0 0 0 0 6 4 0 0 21 1 1 87 2865 13 1 0 0 0 1 0 0 1170 0 0 1 0 0 1 0 0 0 0 0 0 41 200 375 9761 1 4 0 0 2 491 0 0 0 0 0 1 0 1 0 0 0
63 0 0 0 2 1 0 0 45 36 0 1 0 87 22 30 2 0 12 214 93 0 0 0 0 0 95847 0 2 0 0 0 0 0 18 13 0 0 0 0 1 0 0 1 10 2 0 0 0 0 0 0 11 0 7 0 4 0 0 1 0 0 0 0 0 0 0 0 0 0 1 0 0 0 0 0 0 0 1 0 0 0 0 0 0 0 0 0 0 0
0 0 5 0 0 0 235 0 0 0 1 0 0 0 0 2 0 1 1 0 266 14 77 0 10500 1 3 2 1 2 17 0 0 0 5 0 1 0 1 26 0 1 7 0 0 1 38 764 41 1 2 0 1 0 0 0 5 2 60 0 0 5 0 3 1 0 1 2 0 48 22 25 963 7 0 0 0 0 0 0 0 0 0 0 0 0 0 0 0 1
0 0 0 3 0 0 1492 0 0 0 0 0 0 0 0 2 0 0 0 0 9387 84 263 0 3155 0 35 3 0 27 112 0 0 0 0 0 0 2 0 206 0 11 34 0 0 0 106 2713 6416 0 18 0 1 0 0 0 434 0 4 2 0 198 0 7 0 1 2 0 0 342 174 881 0 21 1 0 0 0 34 0 82 7 0 0 0 0 0 0 0 0
0 0 53 0 0 0 1 4 0 0 11 260 0 0 0 0 25 7 0 0 87131 25 40 0 17 23 8 791 2 62 5 5 0 0 41 0 61 0 0 1 0 0 2 17 0 0 0 2 0 9 0 0 1 0 1 16 1820 9 0 2 0 0 0 3 2 0 4 11 8 0 1 0 0 3 5 8 0 17 609 1 5 7 3 0 0 0 0 0 0 78
21 28 0 0 0 0 9 0 15 7 0 0 0 38 5 2170 0 0 1877 101 15875 0 0 0 7 0 27338 31 5 86 0 0 0 0 0 6 1 1 0 0 0 1 1 3 131 1 0 2 2 0 1 0 11 2 4 0 511 27 0 1 4 0 0 0 0 0 0 0 7 0 1 0 0 0 1 3 1 0 36 0 0 0 0 0 0 0 0 0 0 0
0 0 0 0 0 5 46 0 0 0 1 0 0 0 0 5 0 7 1 0 34675 2 2 0 48 0 29 1 1 2 1 3 2 0 7 0 1 0 1 0 0 0 1 0 0 0 0 6 1 2 0 0 1 0 0 0 2604 3 0 0 0 0 0 0 0 0 0 0 0 0 2 5 0 8 1 6 0 0 67 0 0 0 0 0 0 0 0 0 0 0
0 0 0 0 2 0 75 0 0 0 0 17 1 0 0 0 1 0 0 0 16025 2 7 0 41 0 33 3 4 3 1 0 0 1 1 0 1 0 0 3 1 0 0 0 0 0 0 1 46 0 0 5 0 2 0 0 675 0 1 0 0 10 0 1 0 0 0 0 0 11 11 1 5 0 0 0 0 0 31 0 2 0 0 0 0 0 0 0 0 0
0 0 0 0 0 0 0 0 0 0 0 0 0 0 0 0 1 0 0 0 66998 0 0 0 1370 0 39 31 0 0 0 0 0 0 2 0 0 0 0 0 1 0 0 0 0 2 0 0 0 0 0 0 0 0 0 0 2155 0 0 1 0 0 2 1 0 0 0 0 0 0 0 0 0 0 3 0 0 0 228 0 0 0 0 0 0 0 0 0 0 0
0 0 0 0 1 1 0 0 0 0 0 0 1 0 0 1 9 3 0 1 25337 12 9 0 1185 2 15 94 2 7 1 0 0 0 10 0 0 2 0 0 0 0 1 0 0 0 1 0 0 0 0 0 1 0 0 3 1522 1 0 1 0 0 0 4 6 0 2 0 0 0 0 0 0 0 0 0 0 0 94 2 0 0 0 0 0 0 0 0 0 0
0 0 0 27 62106 48 27 0 0 0 0 0 33596 0 0 0 0 0 0 0 87 141 16 7123 8319 42 128 120 36 55 111 0 0 0 4 0 0 3 19 0 7 11 27 0 5 2 0 2 11 0 8 0 1 0 0 0 6 0 1 2 0 0 6 15 0 0 0 0 0 0 2 0 0 56 0 8 0 0 0 0 0 0 0 0 405 104 265 95 66 0
3 0 46 0 4 0 0 0 0 10 0 0 3 144 11 237 0 0 2 148 181 0 0 2 1 0 55974 0 4 0 0 1 2 0 2 6 0 0 0 0 0 0 0 0 0 0 0 0 0 0 0 0 0 1 0 0 19 0 0 0 0 0 0 0 2 0 0 0 0 0 0 0 0 12 0 0 0 0 0 0 0 0 0 0 0 0 0 0 0 0
0 0 0 0 1 0 5 0 0 0 0 0 0 0 0 2 0 0 0 0 7 0 0 0 5 0 4 0 0 0 0 0 0 0 0 0 0 0 0 0 0 1 0 0 0 0 0 2 0 0 0 0 0 0 0 0 1 0 0 0 0 0 0 0 0 0 0 0 0 0 1 1 0 0 0 0 0 0 0 0 0 0 0 0 0 0 0 0 0 0
0 0 0 0 12595 2685 4 0 0 0 0 0 9419 0 0 1 1 0 0 0 74772 3 2 336 2 0 0 16 0 0 0 3 0 0 7 0 0 0 1 0 0 0 0 0 0 0 0 0 0 0 0 0 0 0 0 0 1152 1 0 0 3 0 5 2 0 0 1 12 3 1 0 1 0 2 5 4 0 0 379 0 0 2 2 0 67 18 67 19 21 0
0 1 0 0 11 0 3832 0 0 0 0 0 14 0 0 14 0 0 0 0 7234 1 10 1 1408 0 6 237 0 0 0 0 0 0 2 0 0 1 0 0 2 0 1 0 0 0 0 1659 11 0 0 0 0 0 0 0 613 3 0 0 0 0 3 0 0 0 0 0 0 15 320 72 3 0 3 0 0 0 15 0 0 0 0 0 0 0 0 0 0 0
0 0 6 0 1 0 18839 0 0 0 1 0 2 0 0 2 0 5 0 0 458 10 27 0 11406 1 21 15 2 5 0 0 0 0 0 0 0 0 0 2 0 1 0 0 0 0 1435 1590 33 0 0 0 0 0 0 0 19 0 0 0 0 0 0 0 3 0 0 0 0 33 264 6 7919 1 0 0 0 4 1 0 0 0 0 0 0 0 0 0 0 1
0 0 0 0 6510 889 1 0 0 0 0 0 3950 0 0 0 0 0 0 1 79 0 0 202 11 0 188 4 0 0 0 29 0 0 0 0 0 0 0 0 0 1 1 0 0 0 0 29 0 24 0 0 2 0 4 0 0 0 0 0 0 0 8 0 0 0 0 0 0 0 0 0 0 0 0 0 76 0 2 1 0 0 0 0 84 3 89 10 38 0
0 0 0 0 0 0 3 0 0 0 1 0 0 0 0 0 0 0 0 0 12 6 0 0 71618 0 4 1 0 3 0 0 0 0 1 0 0 0 0 0 0 1 1 0 0 0 0 2 6 0 0 0 0 0 0 0 2 0 0 0 0 0 0 0 0 0 0 0 0 0 1 0 1 1 0 0 0 0 0 0 0 0 0 0 0 0 0 0 0 0
0 49 0 0 1 0 768 0 0 0 0 0 0 0 0 8126 0 0 1 0 47656 59 143 0 172 139 7 1117 0 39 0 0 2 0 8 0 0 0 0 0 0 0 0 0 0 0 0 0 276 0 0 86 2 0 2 0 1062 18 0 0 0 0 0 0 0 0 0 0 0 0 0 0 0 35 3 0 0 0 182 0 0 0 0 6 0 0 0 0 0 0
0 0 1 0 0 0 517 0 0 0 0 10 0 0 0 0 0 0 0 0 24051 17 158 0 6421 0 20 2 0 5 0 1 1 0 7 0 4 0 0 1 3 0 0 0 0 1 0 2539 10 2 0 0 0 0 0 0 586 0 0 1 0 0 0 1 0 4 0 0 0 97 253 26 570 0 0 0 0 5 139 0 0 0 1 0 0 0 0 0 0 4
0 0 0 0 125 37 67 0 0 0 0 0 46 0 0 0 0 1 1 0 29210 3 31 15 900 0 6 3 3 0 0 3 1 0 2 0 0 1 0 0 0 0 0 0 0 0 0 0 0 1 0 0 0 2 0 0 2171 0 0 1 0 0 0 1 0 0 0 0 0 0 0 0 0 2 4 0 4 0 89 0 0 0 0 0 4 0 0 0 1 0
2 28 327 0 18973 2719 38 60 0 8 106 21 10538 8 3 8717 685 26 3 24 163 0 18 905 82 0 4567 0 2245 9 0 214 0 26 11873 3 21 510 0 0 1 1 0 7 46 1 0 11 0 194 0 0 5 2 10 4 6 72 0 0 0 0 0 0 0 0 0 0 9 0 9 2 28 0 0 0 8 20 1 437 0 0 0 4 205 46 189 69 72 313
0 61 0 0 15 4 0 0 0 0 0 0 7 0 0 26730 0 0 0 0 159 2 0 1 59 0 18 2 20 0 1 0 0 0 2 0 0 0 1 0 0 1 0 0 0 1 0 0 2 0 0 0 0 0 0 0 6 0 1 1 0 0 1 1 0 0 0 0 0 1 0 0 1 0 0 0 0 0 0 0 0 0 0 24 0 0 0 0 0 0
8 0 0 0 41 5 0 0 0 16 0 0 28 52 6 436 0 0 2 147 10 0 0 3 10 0 38384 0 7 0 0 1 0 0 0 8 0 0 0 0 0 0 0 0 0 0 0 1 0 0 0 0 0 0 0 0 0 0 0 0 0 0 0 0 0 0 0 0 10 0 0 0 0 0 0 0 3 0 0 0 0 0 0 1 1 0 0 0 0 0
0 0 0 0 0 0 11 5 0 0 3 0 0 0 0 0 0 6 2 0 223075 0 1 0 80 0 38 6 140 0 6 0 1 2 3 0 6 56 4 0 0 0 0 0 0 0 0 20 0 0 0 8 3 3 1 0 24271 0 0 0 3 0 1 37 0 0 7 2 0 0 0 0 2 0 139 0 0 2 456 0 0 0 0 0 0 0 0 0 0 42
0 152 0 0 0 0 0 0 0 0 0 0 0 0 0 9578 20 0 0 0 27377 0 0 0 1 0 16 0 5 0 0 52 2 3 144 0 0 13 0 0 18 0 1 0 0 32 0 0 0 62 0 0 0 2 1 0 1524 0 0 9 0 0 0 0 0 0 0 0 0 0 0 0 0 0 11 0 3 0 104 2 0 0 0 10 0 0 0 0 0 0
0 45 0 0 72 87 6 0 0 0 2 11 89 0 0 1333 0 4 0 0 4981 0 951 7 11239 0 2 49 4 3 0 0 0 0 3 0 2 0 0 0 0 0 0 0 0 1 0 0 0 1 1 0 1 0 0 2 133 0 0 0 0 0 1 1 0 0 0 0 2 0 0 0 1 0 0 1 0 0 27 0 0 0 0 1 2 1 0 0 0 0
0 3 0 0 0 0 2502 0 0 0 0 0 0 0 0 449 0 0 2 0 1454 0 0 0 1976 0 1 0 0 0 0 0 0 0 1 0 0 0 0 0 0 0 0 0 0 1 0 292 4961 0 0 0 0 0 0 0 49 0 0 0 0 0 0 1 0 0 0 0 0 0 0 0 0 0 0 0 0 0 3 0 0 0 0 0 0 0 0 0 0 0
0 0 0 1 0 0 13156 0 0 0 0 1 1 0 0 1 0 8 0 0 687 234 642 0 27991 73 8 2 1 295 38 0 0 0 0 0 0 1 0 12 0 2 5 0 1 0 17185 6950 6018 0 1 0 0 0 0 5 33 9 327 0 0 78 1 0 0 18 0 1 5 1154 2151 4959 0 118 0 5 0 0 0 1 0 20 0 0 0 0 0 0 0 0
0 0 0 0 0 0 4 0 0 0 0 0 0 0 0 0 0 0 0 0 8 0 0 0 9 0 3 0 0 0 0 0 0 0 0 0 0 0 0 0 0 0 2 0 0 0 0 0 0 0 0 0 0 0 0 0 1 0 0 0 0 0 0 0 0 0 0 0 0 0 0 0 0 0 0 0 6 0 0 0 0 0 0 0 0 0 0 0 0 0
0 0 0 0 1 0 251 0 0 0 0 0 2 0 0 0 0 0 0 0 25 0 16 0 1045 0 6 1 0 1 10 0 0 0 2 0 0 0 0 43 0 0 0 0 0 0 0 198 97 0 0 0 0 0 0 0 0 0 4 0 0 82 0 0 0 1 0 0 0 32 90 29 1581 2 0 0 0 0 0 0 0 0 0 0 0 0 0 0 0 0
0 0 0 0 0 0 7385 0 0 0 0 0 0 0 0 5 0 1 0 0 670 7 58 0 8172 0 1 11 0 21 1 0 0 0 0 0 0 0 0 0 0 0 0 0 0 0 1009 862 117 0 0 0 0 0 0 0 54 0 112 1 0 0 0 0 0 3 0 0 0 210 1245 219 2 1 0 0 0 0 5 0 0 0 0 0 0 0 0 0 0 0
29 1 0 0 6 0 7 0 0 44 0 0 3 55 28 421 0 0 7 162 22 0 0 0 4 0 35683 0 0 0 0 0 0 0 0 4 0 0 0 0 1 0 0 0 0 1 0 0 0 0 0 0 0 0 0 0 2 0 0 0 0 0 2 0 0 0 0 0 0 1 3 0 1 0 1 0 1 0 0 0 0 0 0 1 0 0 0 0 0 0
0 472 0 0 187 41 0 4 0 0 0 0 78 0 0 171935 0 0 0 0 2381 0 1 11 5 0 10 16 299 8 0 1 2 14 606 0 0 297 0 0 0 0 0 0 40 0 0 1 0 1 0 0 0 0 0 4 140 0 0 0 9 0 0 0 0 0 0 0 50 0 1 0 3 0 0 0 8 0 3 109 0 0 0 182 3 0 0 0 2 0
63 0 0 0 18 5 9 0 15 20 0 0 12 170 12 89 0 1 8 262 9 0 1 5 71 0 94646 1 225 16 6 0 0 0 1 16 0 20 1 0 0 0 0 0 0 0 0 0 1 0 0 0 5 0 6 0 0 0 0 0 1 0 3 0 0 0 0 6 10 0 0 0 0 5 0 0 12 0 0 4 1 0 0 0 0 0 0 0 1 0
0 5 1 0 6 0 0 0 0 0 0 0 4 0 0 119 0 3 0 0 126031 0 0 0 2 0 43 0 0 2 1 0 0 0 0 0 0 1 0 0 170 0 1 0 0 184 0 0 0 0 0 0 0 0 1 0 1421 0 0 347 0 0 0 0 0 0 0 0 0 0 0 0 0 0 4 0 393 0 1047 0 0 0 0 0 0 0 0 0 0 201
0 0 33 0 0 0 23433 1 0 0 42 0 2 0 0 0 6 0 0 0 85 9 120 0 22563 0 0 3 44 56 1 2 12 1 33 0 28 7 1 58 0 0 2 5 0 0 6409 1451 538 2 0 0 2 22 3 1 0 8 56 0 0 0 0 16 0 9 4 0 12 274 1039 1784 2356 9 0 17 1 5 0 0 0 0 0 0 0 0 0 0 0 22
33 0 2 0 743 57 4 1 0 40 1 0 271 71 21 14 184 1 214 237 35327 3 3 38 32 0 61608 15 6 7 0 0 10 6 1323 11 3 71 3 0 0 1 2 0 0 0 2 1 0 0 1 0 9 6 13 1 1218 0 0 0 0 1 8 9 0 0 6 1 0 0 0 0 1 17 2 2 9 0 79 26 0 0 0 0 11 0 13 1 5 0
0 0 0 0 0 0 828 0 0 0 0 0 0 0 0 0 2 3 0 0 12154 24 865 0 437 0 1 41 0 169 0 1 1 0 9 0 0 0 2 1 2 0 0 0 0 2 133 2322 274 1 0 0 1 1 0 0 216 0 6 1 0 0 7 14 1 5 4 0 0 246 338 106 58 1 0 0 0 0 67 0 4 0 0 0 0 0 0 0 0 0
0 0 0 6 0 0 101852 0 0 0 0 0 0 0 0 2 0 2 1 0 13 8 78 0 18901 8 92 44 1 5 1 0 0 0 8 0 0 1 2 2 0 0 0 0 0 0 0 1963 0 0 0 0 1 0 0 0 1 1 0 0 0 0 1 1 1 0 0 0 0 0 1 0 0 2 0 0 0 0 0 0 0 3 0 0 0 0 0 0 0 0
0 0 0 1 1 0 25907 0 0 0 0 0 1 0 0 0 0 0 0 0 34 32 3549 0 16917 12 16 40 0 6 436 0 0 0 0 0 0 0 1 6 2 1 0 0 0 1 581 6 678 0 0 2782 1 0 0 0 4 0 19 0 0 10565 0 5 0 18 0 0 0 936 879 501 0 0 0 0 0 0 0 0 2 0 0 0 0 0 0 0 0 0
0 6 8 2 0 0 6535 0 0 0 2 0 0 0 0 196 1 2 0 0 2078 55 800 0 4852 18 2 98 2 13 48 0 1 0 2 0 2 0 39 45 2 5 10 0 0 0 4363 169 438 0 4 2102 2 0 8 0 197 2 0 0 0 3728 1 170 15 5 48 11 1 642 1021 94 0 98 1 0 0 21 3 0 1 0 1 0 0 0 0 0 0 2
0 0 0 0 0 1 242 0 0 0 0 0 2 0 0 2 0 0 0 0 72180 0 10 1 1915 2 7 12 12 0 0 8 2 0 5 0 0 3 1 0 0 0 1 3 2 0 9 66 5 5 0 0 2 0 1 0 2688 0 0 0 0 0 0 0 0 0 0 0 0 2 6 3 1 0 3 0 0 0 141 0 0 0 0 0 0 0 0 0 0 0
29 0 0 0 1 0 59463 11 46 5 1 0 0 12 2 6 98 57 3 42 29 0 1 0 401 0 21578 28 39 0 0 145 27 6 5066 6 2 44 0 0 0 0 2 3 19 1 0 0 0 266 2 0 12 3 2 2 1 0 0 2 1 0 4 2 2 0 0 0 8 0 0 5 0 0 0 0 0 0 0 0 0 0 0 0 0 0 0 0 0 0
0 0 0 0 0 0 7421 0 0 0 0 0 0 0 0 1 1 0 0 0 3620 3 428 0 11926 0 0 0 0 6 41 0 0 0 1 0 0 0 0 0 5 3 3 1 0 2 23 1131 578 0 2 0 0 0 0 0 350 0 63 1 0 0 0 0 0 14 0 0 13 350 1486 159 0 0 0 0 0 0 4 0 0 0 0 0 0 0 0 0 0 0
1 0 0 0 3 0 13 0 0 0 0 0 0 0 0 0 0 0 9 1 83960 0 0 0 17 0 80 1 4 0 0 2 0 0 2 0 0 0 0 1 1 0 0 0 3 0 0 2 0 0 0 0 0 0 0 0 2413 0 0 0 0 0 1 0 0 0 1 0 0 0 0 0 0 0 3 0 0 0 254 0 0 0 0 0 0 0 0 0 0 0
4 0 6 11 0 2 2 1 0 14 0 0 0 19 9 1 1 246 1 95 25 3 164 0 2 28 25211 1396 8 219 31 0 1 0 2 6 201 0 58 4 0 2 11 0 0 0 1 1 0 0 7 193 0 10 0 13 0 131 0 2 3 0 0 179 0 0 101 74 0 0 0 0 0 216 0 35 0 28 0 1 0 0 16 0 0 0 0 0 0 8
0 0 0 0 1 0 10023 0 0 0 0 0 0 0 0 2 6 5 0 0 862 1 403 0 8986 0 5 582 13 32 192 0 2 0 29 0 0 0 18 240 0 0 0 0 0 0 0 2 2 0 0 0 1 3 0 0 25 5 0 0 0 2011 0 0 0 0 0 26 1 0 710 0 0 252 0 0 0 0 6 0 139 6 0 0 0 0 0 0 0 0
0 0 0 5 0 0 14151 0 0 0 0 0 0 0 0 0 3 1 0 0 30 17 147 0 28896 0 3 0 7 30 127 0 1 1 2 0 2 2 2 0 3 1 0 0 0 2 684 1444 150 0 0 0 0 0 0 1 6 8 284 2 8 184 1 1 0 0 1 2 14 268 2418 273 0 81 0 3 0 0 0 0 0 1 2 0 0 0 0 0 0 0
80 0 0 0 0 0 0 0 1 26 0 0 0 45 27 3 0 0 1 179 24 0 0 0 0 0 102567 0 0 0 0 0 1 0 4 25 0 2 0 0 0 0 0 1 0 0 0 0 0 0 0 0 0 0 0 0 0 0 0 1 0 0 0 0 0 0 0 0 0 0 0 0 3 0 0 0 0 0 0 0 0 0 0 0 0 0 0 0 0 0
0 0 5 21 2 2 3243 1 0 0 0 0 0 0 0 0 3 176 0 0 12014 3285 2003 0 13202 82 8 184 10 300 33 4 1 1 12 0 1 2 3 3 0 0 0 2 0 0 0 5465 0 7 0 23 1 0 1 51 248 55 0 0 40 0 0 3 806 0 3 38 3 103 115 261 0 114 0 93 1 0 71 0 47 60 4 0 0 0 0 0 0 2
0 9 0 0 0 0 0 1 0 0 2 0 0 0 0 1556 0 0 0 1 11359 0 0 0 221 0 31 1 25 0 6 0 0 0 1 0 1 11 0 0 3 2 3 0 0 0 0 0 0 0 0 0 0 0 0 0 2310 0 0 0 0 0 0 0 0 0 0 0 0 0 0 0 0 0 1 0 0 1 6 2 0 0 0 5 0 0 0 0 0 11
0 0 0 0 0 1 4 0 0 0 0 164 1 0 0 0 0 0 2 0 150667 1 1 0 50 1 17 2 1 0 0 3 11 0 7 0 0 4 0 0 2 0 0 0 2 2 1 11 1 7 0 0 0 3 0 1 3255 0 0 4 0 0 7 6 0 0 2 0 1 0 0 1 0 0 8 0 2 0 943 0 0 0 0 0 0 0 0 0 0 0
10 2 9 3 99 0 0 0 0 5 18 12 45 20 5 112 1 9 2 51 232 0 38 6 71 13 16789 1 0 357 94 3 1 0 2 0 170 0 0 0 6 11 39 0 1 0 0 0 0 3 30 1 1 0 7 33 16 0 0 0 48 0 0 24 27 0 3 404 0 0 0 0 0 361 0 1160 0 137 3 0 0 17 2581 0 1 0 0 0 0 165
0 0 0 0 0 0 240 0 0 0 0 52 0 0 0 0 2 0 0 0 33424 0 24 0 9310 0 25 0 0 0 0 0 2 0 0 0 0 0 0 0 1 0 0 0 0 2 5 862 14 0 0 0 0 1 0 0 1700 0 0 3 0 0 12 0 0 0 0 0 0 10 18 5 373 0 1 0 0 0 49 0 0 0 0 0 0 0 0 0 0 0
0 65 0 0 2 0 0 0 0 0 0 0 0 0 0 27641 0 0 1 1 57622 0 170 0 7 0 8 1045 17 361 31 8 0 1 0 0 0 25 0 0 4 5 38 0 0 3 0 0 0 13 13 0 0 0 0 58 5202 61 0 1 14 0 0 3 0 0 1 0 85 0 0 1 0 177 7 0 128 0 110 0 0 0 0 45 0 0 0 0 0 0
0 0 0 0 3 0 8108 0 0 0 0 0 1 0 0 4 1 0 0 0 9291 0 78 1 14804 0 11 27 0 1 15 0 7 0 1 0 0 0 1 0 0 0 0 0 0 0 0 909 1 0 0 0 0 0 0 0 1784 0 0 1 0 0 0 0 0 0 0 0 0 107 0 0 0 10 0 0 0 0 5 0 0 0 0 0 0 0 0 0 0 0
0 0 20 41 0 0 9622 0 0 0 5 0 0 0 0 0 0 0 0 0 46 870 1590 0 5488 78 0 977 5 146 148 0 0 0 1 0 2 0 1 0 0 0 0 0 0 0 18 1182 17482 0 0 52 0 1 0 0 1 39 0 0 1 0 0 6 1 6 3 0 0 1922 575 794 0 7 0 3 0 0 0 0 24 0 2 0 0 0 0 0 0 0
0 0 0 0 0 1 3012 0 0 0 0 0 0 0 0 1 0 0 0 0 753 1 228 0 15722 1 12 1 0 4 3 0 0 0 0 0 0 0 0 2 0 0 0 0 0 0 2468 1549 2106 0 0 0 0 0 0 0 23 0 20 0 0 0 0 1 0 5 0 1 0 219 498 1639 0 12 1 0 0 0 0 0 0 0 0 0 0 0 0 0 0 0
334 2 0 0 0 0 1 0 563 132 1 0 0 630 69 433 0 0 183 1742 275 0 2 0 14 0 571482 1 3 5 2 0 1 0 3 132 3 4 1 1 2 1 3 0 0 0 1 2 0 0 1 0 0 0 0 0 7 0 0 1 1 0 0 4 0 0 0 0 1 0 1 0 0 1 0 3 0 3 1 1 0 0 1 0 0 0 0 0 0 0
0 0 0 0 0 0 1 0 0 0 0 0 0 0 0 3 0 1 0 0 4 1 1 0 3 0 14 6 0 5 0 0 3 0 1 0 0 0 1 0 1 1 0 0 0 1 0 0 0 0 2 0 0 0 0 0 0 0 0 0 0 0 5 0 0 0 0 1 0 0 0 0 0 0 0 0 0 0 0 1 0 0 1 0 0 0 0 0 0 0
0 0 0 12 1 4 44238 0 0 0 0 0 0 0 0 2 0 0 0 0 21 7 98 0 4558 0 6 193 0 17 47 0 0 0 2 0 12 1 4 0 0 0 0 0 0 0 0 1 0 0 0 5 0 0 0 0 0 2 0 0 0 930 2 122 0 0 36 4 0 1 0 0 0 20 0 3 0 1 0 0 0 0 16 0 0 0 0 0 0 5
1 0 0 0 0 0 2 0 0 0 0 0 0 0 0 0 1 0 0 1 3 0 0 0 1 0 269 0 0 0 0 0 0 0 4 0 0 0 0 0 0 0 2 0 0 0 0 0 0 0 0 0 0 1 0 0 0 0 0 0 0 0 0 2 0 0 2 0 0 0 0 0 0 1 0 0 0 0 0 0 0 0 0 0 0 0 0 0 0 0
0 0 0 0 12454 2246 11 2 0 0 9 0 8155 0 0 0 0 0 0 0 17792 17 1 883 25 0 13 4 10 6 3 3 1 0 6 0 19 4 1 0 1 1 5 1 0 0 0 1 0 3 2 48 0 1 0 5 750 0 0 0 0 0 0 0 0 0 0 1 5 0 1 1 0 7 0 6 0 2 62 4 5 0 2 0 175 27 180 54 96 2
0 0 13 0 0 0 899 0 0 0 5 1 0 0 0 0 17 346 0 0 29593 2 57 0 22433 2 0 6 12 5 1 4 2 1 76 0 6 4 0 1 0 22 34 76 2 0 55 579 672 6 19 0 4 0 0 3 1360 38 17 0 0 7 3 7 5 0 2 0 3 224 317 171 7 0 1 3 0 4 138 0 0 2 0 0 0 0 0 0 0 0
106 0 0 0 0 0 6 7 0 29 2 0 0 41 16 9 1 0 7405 139 44502 0 1 0 41 0 96371 0 26 0 1 0 1 2 5 19 2 19 0 0 6 1 1 0 0 6 0 4 0 0 1 1 5 0 1 0 710 2 0 0 0 0 3 0 0 0 2 1 0 1 1 0 0 1 1 0 0 0 185 0 0 0 0 0 0 0 0 0 0 0
0 6 0 0 0 0 2 0 0 0 0 0 0 0 0 161 0 0 4 2 63464 0 0 0 16 0 33 2 0 0 0 0 0 0 3 569 0 0 0 0 2 0 0 0 0 0 3 2 1 0 0 0 0 0 0 0 942 0 0 0 0 0 0 0 0 0 0 3 0 0 0 0 0 0 2 0 0 0 309 0 0 0 0 0 0 0 0 0 0 0
56 0 0 0 16 0 6 1 0 17 0 0 0 107 16 406 0 0 4 351 14 0 3 2 14 0 86984 4 6 0 1 0 1 0 0 14 1 2 0 2 0 0 0 0 2 0 5 8 0 0 0 0 0 0 0 0 0 0 0 0 1 0 0 0 0 0 0 30 0 2 4 0 0 1 0 0 11 7 0 0 0 0 0 0 1 0 0 0 0 4
0 0 0 0 43181 1583 0 0 0 0 0 0 24294 0 0 4 3 0 0 0 22 0 0 2296 2774 0 3 10 9 0 0 0 0 0 1 0 0 3 1 0 0 0 1 0 2 0 0 1 0 0 0 0 0 0 0 0 1 0 0 0 0 0 1 11 0 0 4 0 0 0 0 0 0 0 0 0 22 0 0 0 0 0 2 0 508 51 710 62 202 0
6 0 0 0 0 0 12 0 4 22 0 16 0 242 16 497 0 1 5 285 170 0 0 0 388 0 116110 3 0 1 1 0 0 0 3 23 0 0 0 0 1 0 0 0 0 0 0 0 0 0 0 0 0 0 0 0 21 0 0 0 0 0 3 0 0 0 0 0 0 0 1 0 3 0 0 0 0 0 0 0 0 0 0 0 0 0 0 0 0 0
0 184 0 0 643 77 95 0 0 0 2 152 449 0 1 17393 0 0 0 0 61455 37 13 42 1073 0 40 20 18 9 0 0 0 1 4 0 0 14 48 0 0 2 6 0 0 0 0 2 0 0 2 0 0 0 0 0 1804 0 0 0 0 0 0 14 0 0 3 2 2 0 0 1 0 3 6 0 16 0 149 0 1 15 0 18 6 0 10 2 2 3
0 0 0 0 2 1 3528 0 0 0 0 0 3 0 0 3 0 5 0 0 28642 7 202 0 12629 11 46 3289 0 19 4 0 0 0 0 0 1 0 0 0 0 0 0 922 0 0 95 0 3879 0 0 1 0 0 0 0 955 0 0 0 0 2368 0 0 1 3 0 2 8 113 447 663 1 3 2 0 0 1 65 0 0 1 0 0 0 0 0 0 0 0
0 0 0 0 0 0 0 0 0 1 0 237 0 1 0 0 1 0 366 7 70782 0 0 0 2 0 1671 8 1 1 0 0 0 4 10 0 0 10 0 0 2 0 0 0 0 1 0 0 2 0 0 0 0 0 0 0 1157 0 0 0 0 0 0 0 0 0 0 0 0 0 0 0 0 0 2 0 0 0 449 1 0 0 0 0 0 0 0 0 0 0
0 0 0 0 1658 165 3 0 0 0 0 42 1144 0 0 94 0 2 2 0 34391 2 0 98 1 0 30 0 0 1 0 0 0 0 0 0 0 17 0 0 0 0 0 0 0 0 0 0 0 0 0 0 0 0 0 0 1041 0 0 0 0 0 1 0 0 0 0 0 0 0 0 0 0 0 4 0 19 0 95 0 0 0 0 0 21 2 34 2 8 0
0 0 29 0 7 1 3 2 0 0 0 0 2 0 0 3 0 1 0 0 33470 0 0 0 5 3 6 1 16 2 1 1 1 1 0 0 17 2 0 0 0 0 0 0 0 1 2 0 0 0 0 0 0 0 0 3 1490 0 0 0 0 0 0 0 0 0 0 0 8 0 1 0 0 2 5 0 1 50 102 15 0 0 2 0 0 0 0 0 0 26
0 0 36 0 12 2 0 14 0 0 197 2 2 0 0 0 2 76 0 0 63342 1 4 0 0 0 10 89 144 122 1 0 0 0 135 0 86 5 0 0 1 0 0 0 0 0 0 1 0 0 0 0 28 1 31 3 2541 0 0 2 0 0 249 2 30 0 1 0 10 0 0 0 0 11 7 96 0 0 175 284 0 0 2 0 0 0 0 0 0 66
0 1 0 0 3727 2732 0 0 0 0 0 0 2037 0 0 6 0 0 0 0 97404 0 0 53 682 0 3 0 1 17 0 1 0 0 3 0 0 0 0 0 0 0 0 0 0 1 0 0 0 0 0 0 0 0 2 0 1609 0 0 0 0 0 1 1 0 0 0 0 0 0 0 0 0 0 3 0 0 0 423 0 0 0 0 0 26 10 15 8 7 0
0 0 0 0 0 0 0 0 0 0 0 0 0 0 0 0 0 0 0 0 883 3 0 0 0 0 1 0 0 0 1 3 0 0 5 0 0 0 1 0 1 0 1 0 0 0 0 0 0 1 0 0 1 2 0 0 23 0 0 1 0 0 0 1 0 0 0 0 0 0 0 0 0 0 0 0 0 0 3 0 0 0 0 0 0 0 0 0 0 0
0 15 6 0 0 1 0 0 0 0 12 104 0 0 0 915 0 0 0 0 88877 1 0 0 0 13 3 15 37 14 0 0 0 0 2 0 0 0 0 0 0 0 0 0 0 0 0 1 1 0 0 0 2 0 0 2 1717 0 0 0 0 0 1 2 0 0 0 0 0 0 0 0 0 0 2 0 0 0 485 10 0 0 0 0 0 0 0 0 0 0
0 31 0 0 0 0 64 0 0 0 0 11 0 0 0 153 0 0 0 0 34497 0 4 0 160 4 6 13 4 0 0 0 2 0 1 0 0 1 0 0 0 0 0 1 0 0 0 4 0 0 0 0 0 0 0 0 4858 1 0 1 0 0 0 2 0 0 0 0 0 0 0 0 5 1 21 0 0 0 52 0 0 0 1 0 0 0 0 0 0 0
0 210 0 0 19 7 1 2 0 0 3 0 18 0 0 8481 0 10 0 0 66556 0 0 5 0 0 10 0 9 0 1 0 0 3 14 0 0 8 1 0 0 1 1 0 0 0 0 0 0 2 0 0 2 2 0 0 1515 0 0 0 0 0 0 1 0 0 0 1 0 0 0 0 0 2 2 1 0 0 309 0 0 0 0 8 0 0 0 0 0 0
26 31 0 0 2 0 2 0 0 34 0 0 0 81 40 6722 0 0 11 324 57 0 1 0 9 0 147987 6 1 2 0 0 0 2 1 21 1 19 1 0 0 0 0 1 1 0 1 2 1 0 0 0 0 0 0 4 3 0 0 2 0 0 0 3 0 0 1 0 6 0 0 3 0 0 0 0 0 0 0 0 0 0 0 4 0 0 0 0 0 0
0 0 19 0 12499 2586 0 0 0 0 5 0 9628 0 0 4 0 0 0 0 4 0 0 376 19 0 27 0 2 1 0 0 0 0 0 0 4 2 0 0 0 0 0 0 0 0 0 0 1 0 0 0 0 0 0 0 0 0 0 0 0 0 0 0 0 0 0 1 2 0 0 0 0 0 0 3 4 0 0 0 0 0 0 0 211 10 224 27 83 0
0 0 0 0 0 0 13139 0 0 0 0 0 0 0 0 2 0 0 0 0 1313 9 171 0 12419 0 41 140 4 56 120 0 0 0 0 0 0 0 3 0 0 0 0 4 0 2 837 2500 277 0 0 0 0 0 0 0 52 0 0 0 0 250 0 6 0 18 4 0 0 703 3992 167 2333 12 0 0 10 0 6 0 0 0 0 0 0 0 0 0 0 0
52 4 0 0 0 0 0 0 45 103 0 0 0 125 52 495 0 0 35 422 129 0 0 0 11 0 112581 0 5 2 0 0 0 0 2 27 0 5 0 0 0 0 1 0 0 0 0 0 0 0 0 0 0 0 0 1 1 0 0 0 0 0 0 1 0 0 0 0 0 0 1 0 0 0 0 0 0 0 0 0 0 0 0 0 0 0 0 0 0 0
0 182 538 8 972 74 0 72 0 0 217 400 536 0 0 13287 0 179 0 0 43150 122 149 23 3 0 15 662 772 199 16 1 0 7 6 1 520 47 50 13 98 8 61 1 55 328 0 0 0 2 41 5 36 0 30 7 972 27 0 137 4 0 1 338 9 0 182 15 3 0 0 1 0 109 0 4 8 87 143 29 2 0 0 5 2 1 5 0 0 192
0 0 0 0 0 0 3722 0 1 0 0 0 0 0 0 1 0 0 0 0 2397 2 105 0 5398 0 31 3 0 5 6 0 1 0 4 0 0 0 0 0 0 0 0 0 0 0 52 571 121 0 0 0 0 0 0 0 82 3 25 0 0 0 0 0 0 0 0 0 0 81 401 1221 0 1 0 0 0 0 8 0 0 0 0 0 0 0 0 0 0 0
44 17 0 9 1 0 1 1 8 34 2 77 0 60 27 5472 0 198 199 160 1161 1 64 1 1 0 38189 10 57 142 1 0 1 1 1 10 6 6 2 0 0 2 0 0 1 0 0 0 0 0 0 0 0 0 0 1 30 0 0 0 1 0 1 0 0 0 1 13 0 0 0 0 0 79 0 255 1 27 4 2 0 10 0 1 0 0 1 0 0 1
0 1131 0 3 0 0 4 0 0 0 0 0 0 0 0 24973 0 325 0 0 20458 26 28 0 25 0 1 92 0 26 1 0 0 0 1 0 1 0 0 0 0 1 4 0 98 0 0 1 15 0 0 0 0 0 1 0 675 30 1 0 0 3 0 2 46 0 0 1 0 1 2 0 0 49 1 0 0 0 28 0 0 1 0 12 0 0 0 0 0 0
0 0 0 0 0 0 0 0 0 0 0 0 2 0 0 0 1 0 0 0 17 0 0 0 2 0 0 0 0 0 0 2 1 0 8 0 0 1 0 0 42 0 0 0 0 0 0 0 1 0 0 0 0 0 0 1 0 0 0 0 0 0 0 0 0 0 0 0 0 0 0 0 0 0 0 0 0 0 0 0 0 0 0 0 0 0 0 0 0 0
0 0 0 0 0 0 400 0 0 0 0 1 0 0 0 0 0 1 0 0 12048 0 5 0 368 0 1 0 0 0 0 0 0 0 0 0 1 0 3 0 0 0 0 0 0 0 2 329 4 0 0 0 1 0 0 0 586 0 0 0 0 0 0 0 0 0 0 2 0 0 3 3 0 0 0 0 0 0 35 0 0 0 0 0 0 0 0 0 0 0
46 12 0 0 3 1 10 0 6 28 0 0 2 59 8 1367 6 0 1544 167 13406 0 2 0 16 0 84742 0 32 7 2 0 3 5 70 24 0 31 4 0 346 0 0 0 0 572 0 0 0 0 0 0 1 2 1 2 273 0 0 318 0 0 7 1 0 0 0 1 3 0 4 0 0 0 0 0 1 0 91 0 0 0 1 0 0 0 0 0 0 0
0 0 0 22 1 0 2435 0 0 0 0 0 0 0 0 2 0 0 0 0 816 2175 824 0 1010 440 3 14073 1 572 51 2 0 0 7 0 0 2 0 0 0 18 53 13 0 0 0 2163 605 2 29 0 9 57 10 17 26 24 0 0 0 0 0 9 861 0 2 2 20 0 145 0 1 38 0 2 0 0 2 0 753 28 0 0 0 0 0 0 0 0
0 0 0 0 1 0 4788 0 0 0 0 0 0 0 0 3 3 0 1 0 9865 0 279 0 4024 1 0 0 3 18 0 0 0 0 5 0 2 0 0 0 2 0 0 0 0 4 975 1416 4573 1 2 0 0 1 0 0 272 2 0 2 0 0 2 3 0 1 0 0 0 235 27 201 4086 0 1 0 0 0 83 0 0 0 0 0 0 0 0 0 0 2
1 0 0 0 0 0 4120 0 0 0 1 0 0 0 0 1 0 1 2 0 2901 3 138 0 29280 1 7 1 11 41 0 0 0 1 0 0 0 2 3 13 1 0 0 2 0 5 594 2027 267 0 0 0 2 0 1 0 48 1 67 2 0 0 6 1 0 2 1 0 1 253 1025 103 0 0 0 0 0 0 12 0 1 0 0 1 0 0 0 0 0 0
0 0 0 0 3444 355 6 0 0 0 0 0 2132 0 0 0 0 0 0 0 4 0 38 162 168 0 3 0 181 154 0 0 0 0 0 0 24 0 0 0 0 0 0 0 0 0 1 7 3 0 0 0 0 0 0 0 0 0 0 0 0 0 0 0 0 0 0 0 0 0 2 1 0 139 0 198 53 0 0 0 0 0 0 0 40 7 42 8 30 0
1 0 0 1 2 0 8 0 2 1 0 29 1 107 0 4 0 0 6 138 20 0 0 0 2 5 27457 43 2 0 0 0 0 0 0 1 0 1 1 0 0 0 0 0 0 0 0 0 6 0 0 0 0 0 0 0 4 0 0 0 0 0 0 4 0 0 0 0 0 1 0 0 0 0 0 0 12 0 0 0 0 0 0 0 0 0 0 0 0 0
48 1 0 5 0 0 1 0 0 25 0 50 0 33 18 1 1 2 8 75 87 0 0 0 26 12 50505 1 0 10 35 2 0 0 6 9 2 1 778 9 0 0 2 0 0 4 0 0 1 7 1 0 4 4 0 3 1 2 0 1 0 0 3805 320 0 0 164 214 0 0 0 0 0 27 0 0 0 0 0 2 5 1 0 0 0 0 0 0 0 0
0 0 2 0 1 0 4 0 0 0 0 0 0 0 0 0 0 0 0 0 34040 1 0 0 12 0 0 0 0 1 0 0 0 0 0 0 0 0 0 0 0 0 1 0 0 0 1 0 1 0 0 0 0 0 0 0 2606 0 0 0 0 1 0 0 0 0 0 0 0 0 0 0 0 0 2 0 21 0 77 0 0 0 0 0 0 0 0 0 0 0
36 3 0 0 2 0 0 0 0 63 0 0 0 57 22 585 4 0 3 149 1 0 0 0 0 0 39788 0 1 0 0 0 0 0 16 11 0 0 0 0 0 0 0 0 0 0 0 0 0 1 0 0 0 0 0 0 0 0 0 0 0 0 0 0 0 0 0 0 0 0 0 0 0 0 0 0 19 0 0 0 0 0 0 0 0 0 0 0 0 0
0 0 49 46 19013 4727 2 0 0 0 0 0 12639 1 0 3 0 12 1 2 11 1303 753 527 1 0 577 0 16 271 550 0 0 0 6 1 80 6 75 86 2 0 0 0 0 4 0 0 0 0 0 1179 0 0 0 679 0 107 0 9 0 0 0 0 5 0 0 8 49 0 0 0 0 574 0 49 19 1 0 0 0 11 20 0 334 14 402 44 165 2
0 0 0 6 0 0 12543 0 0 1 0 0 0 0 0 0 0 30 0 0 357 424 864 0 33278 2 10 150 0 84 186 0 0 0 10 0 1 0 0 351 1 0 0 0 0 1 0 1993 3804 0 0 0 0 0 0 0 7 14 554 0 1 1946 7 3 4 15 0 3 0 210 2266 639 0 25 0 3 0 0 2 0 0 4 1 0 0 0 0 0 0 0
0 0 0 1 0 1 1884 0 0 1 0 0 0 0 0 0 20 0 1 0 6401 3 2804 0 10409 1 7 7 0 8 206 0 0 0 1 0 0 0 0 97 0 0 0 0 0 0 177 815 1542 1 0 0 0 0 0 0 178 0 88 0 0 1169 0 0 0 10 0 0 0 1792 1745 23 718 1 0 0 0 1 26 0 0 0 0 0 0 0 0 0 0 0
0 0 0 0 0 0 2588 0 0 0 0 0 0 0 0 0 0 0 0 0 2997 1 146 0 6146 0 1 1 0 76 0 0 0 0 0 0 0 0 0 0 0 1 2 0 0 0 6443 2684 9002 0 0 0 0 0 1 0 132 0 300 0 0 0 0 1 0 3 0 0 0 192 711 165 0 0 0 0 0 0 13 0 0 0 0 0 0 0 0 0 0 0
117 0 24 0 209 10 0 0 46 51 0 0 110 129 40 0 1 1 2217 431 17858 9 0 20 2 0 129968 5 56 1 0 0 0 2 6 22 62 4 0 0 1 0 0 0 0 4 0 0 0 0 0 0 1 0 2 0 388 0 0 0 0 0 13 2 0 0 1 0 0 0 0 0 0 5 0 0 265 5 41 1 0 0 0 0 3 0 3 1 1 3
0 0 0 0 0 1 2092 0 0 0 0 0 1 0 0 0 0 1 0 0 1628 0 229 0 12481 1 10 3 0 29 30 0 0 0 2 0 0 1 1 9 0 0 0 0 0 0 834 559 1925 0 0 2 1 0 0 0 47 1 112 0 1 1189 0 0 0 3 0 1 0 222 314 647 0 1 0 1 0 0 10 0 0 0 0 0 0 0 0 0 0 0
0 0 0 0 1 0 0 0 0 0 0 0 0 1 0 0 0 0 0 0 3 0 0 0 1 0 3 0 0 0 0 0 0 0 0 0 0 1 0 0 0 0 0 0 0 0 1 0 0 0 0 0 0 0 0 0 1 0 0 0 0 0 0 0 0 0 0 0 0 0 0 0 0 0 0 0 3 0 0 0 0 0 0 0 0 0 0 0 0 0
24 0 0 0 1714 116 633 0 0 12 1 5 960 24 2 0 0 0 295 76 9087 3 27 207 1945 0 21420 5 1 1 0 0 0 0 2 3 1 0 0 0 1 0 4 0 0 1 1 1006 1 0 0 0 1 6 0 0 1087 2 0 0 1 0 0 2 0 0 1 0 0 0 7 0 1240 0 6 0 0 0 19 0 0 0 0 0 19 7 7 1 2 0
0 0 2 11 2 0 0 1 0 0 0 0 1 0 0 42 2 31 0 0 125 1203 24 0 7 47 52 0 11 113 144 0 1 0 5 0 10 0 598 2 1 276 452 729 0 0 0 0 302 0 164 0 0 1 0 20 14 8 16 0 11 0 63 2648 0 0 502 147 6 8 0 50 0 138 0 81 0 2 0 0 19 37 46 0 0 0 0 0 0 0
3 30 5 1 76 0 1 1 28 1 15 28 30 72 2 1144 2 81 1655 71 7054 1 3 30 36 0 13784 3 17 8 0 22 6 0 37 2 0 9 0 0 0 0 2 0 2 0 0 0 0 5 0 0 1 9 1 0 2244 4 0 0 0 0 2 8 0 0 1 1 1 0 0 0 0 8 11 12 1 1 0 0 0 0 7 0 0 0 0 1 0 2
0 0 0 0 0 0 508 0 0 0 0 1 0 0 0 3 0 0 0 1 10049 26 44 0 3560 0 9 1 0 7 5 0 0 0 0 0 0 0 1 6 0 0 0 0 0 1 84 1722 45 0 0 0 0 0 0 0 739 0 0 0 0 0 0 7 4 4 8 1 0 52 48 25 8155 10 1 0 0 1 31 0 1 1 0 0 0 0 0 0 0 0
0 0 0 0 1 0 992 0 0 0 1 37 0 0 0 0 0 0 0 0 11144 6 453 0 25916 1 2 4 0 8 2 1 0 0 0 0 0 0 0 0 1 0 0 0 0 0 81 4 184 0 0 0 0 0 0 1 1385 0 1 0 0 94 0 2 0 0 0 1 0 23 36 13 0 0 11 1 0 0 32 0 0 0 0 0 0 0 0 0 0 0
0 0 0 0 2 1 2 0 0 0 10 0 3 0 0 0 0 0 0 0 49764 1 0 1 3 0 34 4 2 1 1 0 0 0 0 0 0 1 0 0 0 1 0 0 0 0 1 1 1 0 0 0 0 0 0 0 1372 0 0 0 0 0 0 0 0 0 0 0 0 0 0 0 0 3 6 0 4 0 115 0 0 0 0 0 0 0 0 0 0 0
0 0 0 0 0 0 7293 0 0 0 0 0 0 1 0 0 0 0 0 0 7340 4 59 0 15175 0 9 11 1 7 0 0 0 0 0 0 0 0 0 0 0 1 0 0 0 0 300 1393 16 1 0 0 0 0 0 0 290 0 11 0 0 0 0 1 0 0 1 0 0 81 241 0 1 5 1 0 0 0 14 0 0 0 0 0 0 0 0 0 0 0
11 0 0 0 0 0 0 0 0 14 0 0 0 16 7 0 11 0 0 98 4176 0 0 0 4 0 16975 0 0 1 0 160 0 0 64 4 0 0 0 0 7 0 0 0 1 13 0 0 0 131 0 0 0 0 0 0 381 0 0 6 0 0 1 1 0 0 0 0 0 2 0 0 0 0 0 0 0 0 9 0 0 0 0 0 0 0 0 0 0 0
0 2644 0 0 1 0 2 0 0 0 0 0 0 0 0 35621 2 0 6 3 54743 4 1 0 9 0 248 8 3 0 0 0 0 0 1 0 0 1 0 0 0 0 0 0 0 0 0 0 1 0 0 0 1 0 0 0 2083 0 0 0 0 0 1 0 0 0 0 0 0 0 1 0 0 0 3 0 1 0 194 0 0 0 0 20 0 0 0 0 0 0
0 312 0 0 2 0 0 0 0 0 0 0 0 0 0 28271 0 0 0 0 34684 0 55 0 1005 0 10 6 2 1 0 0 1 0 1 0 0 0 0 0 0 0 0 0 0 1 0 0 0 0 0 0 0 0 0 0 589 0 0 0 0 0 1 1 0 0 0 0 0 0 0 5 0 0 1 1 0 0 122 0 0 0 0 23 0 0 0 0 0 0
0 0 0 0 0 0 2349 4 0 0 5 0 0 0 0 29 0 0 0 0 15318 74 304 0 20322 0 3 43 23 94 3 0 0 0 0 0 0 6 2 4 0 0 2 0 0 0 242 1414 19 0 0 0 0 0 0 3 582 58 0 0 1 0 2 10 0 0 1 6 16 0 636 1099 0 69 2 1 8 1 30 0 0 3 4 0 0 0 0 0 0 0
0 0 0 46 6877 2377 1 0 0 0 0 0 5014 1 0 10 0 170 0 0 7 46 114 172 0 0 43 0 112 318 35 1 0 7 1 0 49 58 4 0 0 92 189 0 0 0 0 0 0 0 49 45 0 0 0 8 0 0 0 0 0 0 12 0 0 0 0 26 0 0 0 0 0 648 0 483 0 1 0 0 0 1 306 0 119 16 125 35 69 0
0 0 0 0 8610 1001 1 0 0 0 0 0 3356 0 0 1 0 0 0 0 20057 18 9 623 2 0 3 132 81 5 0 0 0 1 1 0 2 23 5 0 0 0 0 0 0 1 0 2 0 0 0 1 0 0 0 0 752 1 0 1 0 0 1 2 0 0 0 0 0 0 0 0 0 13 4 0 3 0 79 0 0 0 0 0 131 25 120 11 49 0
0 5 0 0 301 1 1041 0 0 0 0 0 189 0 0 2331 2 0 0 0 61348 227 1143 41 3156 0 2 3098 11 98 43 0 0 0 0 0 0 0 0 9 0 0 1 3 0 0 0 0 0 0 0 13 0 0 0 0 5116 19 0 0 0 0 0 0 0 0 0 0 8 0 63 0 0 44 22 0 0 1 54 0 0 0 0 2 1 0 0 1 1 0
0 0 0 0 227 99 0 0 0 0 5 137 230 4 0 0 0 0 285 6 27024 0 0 36 15948 0 1374 0 0 0 0 0 1 0 34 0 0 0 0 1 1 0 0 0 0 1 0 0 0 0 0 0 0 0 0 0 5018 0 0 0 0 0 1 2 0 0 0 0 0 0 0 0 0 0 2 0 0 0 17 0 0 0 0 0 4 0 4 0 1 0
0 0 0 1 4 0 14320 0 0 0 0 0 1 0 0 0 0 0 0 0 531 1 306 0 41296 0 1 28 0 0 45 0 0 0 2 0 0 0 5 10 0 0 0 0 0 0 3810 4000 1 1 0 0 0 0 0 0 22 0 0 0 0 0 0 7 0 0 2 0 0 910 2773 3932 0 1 0 0 0 0 0 0 0 0 0 0 0 0 0 0 0 0
0 0 0 0 0 0 13038 0 0 0 0 0 0 0 0 0 0 2 0 0 233 1 111 0 9783 0 0 3 0 0 25 0 1 0 0 0 0 0 0 48 0 0 1 0 1 0 74 819 82 0 0 0 1 0 0 0 7 0 24 0 0 0 1 0 0 1 0 1 0 72 735 80 922 1 0 0 0 0 1 0 0 1 0 0 0 0 0 0 0 0
0 0 0 0 1 0 1066 0 0 0 0 0 0 0 0 2 0 0 0 0 316 1 170 0 12061 0 3 0 0 3 20 0 1 0 5 0 0 0 1 30 0 0 0 0 0 0 58 1535 298 0 0 0 2 0 0 0 9 0 17 0 0 121 0 3 0 6 1 1 0 170 562 69 0 0 0 1 0 0 2 0 0 0 0 0 0 0 0 0 0 0
16 1 0 0 0 0 0 0 12 13 0 0 1 57 5 8 0 0 9 237 129 0 0 0 20 0 49177 1 7 1 0 0 0 0 0 11 0 1 0 0 0 0 0 0 0 0 0 0 0 0 0 0 0 0 0 0 10 0 0 0 0 0 0 0 0 0 0 0 0 0 0 0 0 0 0 0 2 0 0 0 0 0 0 0 0 0 0 0 0 0
0 0 0 0 0 0 0 0 0 0 0 0 0 0 0 1 2 0 0 0 62952 0 0 0 3 0 3 1 3 0 1 1 1 0 34 0 1 2 0 0 1 0 0 0 0 3 0 0 0 1 0 0 1 0 1 0 1406 0 0 2 0 0 1 1 0 0 0 0 0 0 0 0 0 1 5 0 0 0 372 0 0 0 0 0 0 0 0 0 0 0
0 0 0 0 0 0 2328 0 0 0 0 0 0 0 0 1 1 0 0 0 8329 18 518 0 12211 5 6 128 12 0 34 3 0 0 2 0 0 2 0 0 0 4 0 0 0 0 0 10640 814 2 1 0 0 0 0 0 1096 0 54 0 0 0 0 3 0 6 0 0 1 766 7435 1496 4952 0 3 0 0 0 20 0 0 0 0 0 0 0 0 0 0 1
0 2 0 0 0 0 554 0 0 0 0 0 0 0 0 8 0 0 0 0 3632 1 251 0 8217 0 2 2 2 41 0 0 2 0 9 0 0 0 0 0 0 0 2 0 0 1 223 1470 35 1 0 0 1 0 1 0 93 0 0 2 0 19 0 0 0 2 0 0 0 156 890 111 2645 0 0 0 0 0 9 1 0 0 0 0 0 0 0 0 0 0
0 0 0 0 0 0 0 0 0 0 0 0 0 0 0 0 990 1 0 0 17 0 0 0 6 0 6 0 0 0 0 33 213 0 16068 0 0 0 0 0 0 2 34 22 19 0 0 4 0 53 2 0 183 268 66 0 0 0 0 0 0 0 0 0 0 0 0 0 0 0 0 0 11 0 0 0 3 0 0 0 0 0 0 0 0 0 0 0 0 0
0 0 0 0 1 0 2520 1 0 0 0 0 1 0 0 0 0 7 1 1 1708 16 206 0 10930 0 74 9 1 24 19 0 0 0 4 0 0 0 1 4 0 0 0 0 0 0 31 1580 204 0 1 1 0 0 0 0 60 2 109 0 1 0 0 0 0 6 0 0 0 364 1660 339 21 10 0 0 0 0 7 0 0 0 0 0 0 0 0 0 0 0
0 1 68 0 7 0 0 8 0 0 146 63 0 0 0 165 1 1 0 0 47061 4 31 0 25 8 3 43 163 0 0 0 0 0 1 0 86 17 1 0 0 0 0 0 0 2 3 0 0 0 1 0 0 1 0 1 1349 0 0 0 0 1 2 0 0 0 0 1 0 0 0 0 0 8 2 0 0 1 262 0 0 0 0 0 0 0 0 0 0 210
0 0 0 0 0 0 0 14 0 0 80 0 0 0 0 0 1 0 0 0 27 0 0 0 1 0 7 0 22 0 0 1 2 0 6 0 0 0 0 0 0 0 0 0 0 0 0 0 0 2 0 0 0 0 0 0 1 0 0 1 0 0 1 0 0 0 0 0 0 0 0 0 0 0 0 0 0 1 0 0 0 0 0 0 0 0 0 0 0 0
0 0 1 98 0 0 1316 1 0 0 10 0 0 0 0 3 20 105 0 0 12293 1267 526 0 8255 38 0 902 10 169 33 0 0 0 7 0 15 0 72 20 0 60 102 0 0 0 648 2677 10 0 27 1 0 0 0 0 1187 118 0 2 2 0 1 237 158 0 62 16 8 99 485 52 1890 180 4 5 0 0 41 0 15 12 1 0 0 0 0 0 0 4
0 0 0 0 0 0 0 0 0 0 0 0 0 0 0 3 0 0 0 0 20 0 0 0 1 0 7 0 0 0 0 0 0 0 6 0 0 0 0 0 3 0 0 0 0 3 0 2 0 0 0 0 0 0 1 0 1 0 0 5 0 0 4 0 0 0 0 0 0 0 0 0 0 0 0 0 0 0 1 0 0 0 0 0 0 0 0 0 0 0
0 0 0 0 0 0 3449 0 0 0 0 0 0 0 0 0 0 2 0 0 839 0 25 0 5300 0 1 0 0 19 20 0 0 0 1 0 0 0 0 3 0 0 0 0 0 0 313 1784 7 0 0 0 0 0 0 0 198 0 6 0 0 0 0 1 0 1 0 0 0 43 935 37 359 0 1 0 0 0 1 0 0 0 0 0 0 0 0 0 0 0
1 0 0 0 3833 675 0 0 0 0 0 0 2212 0 0 0 4 0 0 2 7 0 238 297 4 0 39 0 0 0 0 0 1 0 14 0 0 0 0 0 1 0 0 1 0 0 0 1 0 0 0 0 1 3 6 0 1 0 0 1 0 0 1 3 0 0 1 39 0 0 0 0 0 0 0 0 0 0 0 0 0 0 0 0 52 8 25 7 13 0
0 0 0 0 238 227 9 0 0 0 0 0 254 0 0 0 1 84 0 0 5384 0 4 6 49 0 9 49 1 11 0 2 1 0 2 0 0 0 37 0 2 0 0 0 0 1 1 22 0 0 0 0 0 1 0 0 182 0 0 0 0 0 0 7 0 0 6 0 86 0 2 0 0 17 0 27 0 0 6 0 0 0 0 0 2 0 2 0 1 27
0 2 0 0 0 0 4541 0 0 0 1 3 0 0 0 52 0 1 0 0 677 2 229 0 16935 2 42 11 0 2 0 1 2 0 14 0 2 1 0 0 2 1 3 1 1 2 7777 13027 73 1 0 2 0 0 0 0 18 0 0 0 0 5 11 1 0 1 1 0 2 401 1937 1294 21 0 1 1 0 0 3 1 0 0 0 0 0 0 0 0 0 0
0 0 3 0 0 0 4293 0 0 0 2 0 0 0 0 0 0 1 2 0 37781 16 261 0 80943 0 12 37 2 4 3 0 0 0 3 0 3 0 0 1 0 0 0 0 0 8 93 6298 43 0 0 0 2 0 0 1 1074 0 0 7 0 0 0 0 0 2 0 0 0 204 723 11 0 1 1 0 0 4 219 1 0 1 0 0 0 0 0 0 0 1
0 2 0 0 36 1 0 0 0 8 0 0 3 46 1 170 0 0 599 66 2112 0 0 2 3 0 13932 0 1 1 0 0 0 0 1 3 0 0 0 0 1 0 0 0 0 0 0 0 0 0 0 2 0 0 0 1 256 0 0 0 1 0 0 0 0 0 0 0 0 0 0 0 0 0 0 0 0 0 4 0 0 0 0 0 0 0 0 0 0 0
0 0 0 4 0 0 3794 0 0 0 0 26 0 0 0 6 0 0 0 0 55538 107 225 0 6257 12 0 105 2 27 14 0 1 0 39 0 0 0 7 4 1 0 1 3 1 4 843 5039 58 0 0 0 0 1 0 1 1436 2 0 1 2 0 7 90 1 0 38 7 0 532 142 270 1732 58 1 1 0 0 362 0 1 2 0 0 0 0 0 0 0 0
0 0 0 0 0 0 1 2 0 0 0 0 0 1 0 1 0 50 0 0 3722 21 18 1 7 0 20 14 40 14 0 0 0 0 4 0 4 0 0 0 0 0 0 1 0 0 1 2 2 0 0 0 0 14 0 0 822 0 0 0 0 0 1 11 0 0 1 0 4 0 0 0 1 12 4 6 0 0 3 5 0 0 0 0 0 0 0 0 0 0
0 33 0 0 0 0 3 0 0 0 0 0 0 0 0 7790 0 0 0 0 20477 0 0 0 320 0 1 0 0 0 0 0 0 0 0 0 0 0 0 0 0 0 0 0 0 0 3 3 1 0 0 0 0 0 0 0 825 0 0 0 0 0 1 2 0 0 1 0 0 1 2 0 9 0 3 1 7 0 39 0 0 0 0 5 0 0 0 0 0 0
0 5 0 0 0 0 2495 0 0 0 1 0 1 0 0 39 0 0 0 0 9942 2 53 0 7689 0 10 0 3 0 2 0 2 0 6 0 0 1 14 0 1 0 0 0 0 0 156 2546 0 0 0 5 0 0 0 0 1280 0 0 0 0 0 5 4 0 4 0 0 0 108 281 21 4608 0 7 0 0 0 26 0 0 0 0 0 0 0 0 0 0 1
0 0 0 0 0 0 5690 0 0 0 0 0 0 0 0 0 0 0 0 0 1199 75 85 0 8954 0 2 121 3 1 36 0 3 0 9 0 0 0 1 18 1 0 0 2 1 0 0 0 4774 0 0 1 0 2 0 0 53 1 0 2 0 0 0 1 1 0 0 0 0 265 887 184 0 2 0 0 0 0 7 0 3 0 0 0 0 0 0 0 0 0
0 0 0 0 0 0 5390 0 0 0 1 0 0 0 0 0 1 1 0 0 18199 0 91 0 11745 0 15 1 1 0 28 1 1 0 22 0 0 0 0 7 0 0 0 1 0 0 33 1831 397 8 0 0 0 0 0 0 461 0 1 0 0 0 0 0 0 7 0 0 0 134 98 99 1 0 0 0 0 0 126 0 0 0 0 0 0 0 0 0 0 0
0 0 1 1 1 2 11650 0 0 0 0 0 2 0 0 2 1 0 0 0 1192 8 393 0 13943 0 3 0 3 2 87 0 0 0 10 0 1 0 0 849 0 0 1 0 0 0 7557 2406 1218 0 0 0 0 0 0 0 17 0 116 0 0 0 3 0 0 1 1 0 0 279 1024 320 0 1 0 0 0 0 5 0 4 0 0 0 0 0 0 0 0 1
0 0 0 0 0 0 2449 192 0 0 0 0 0 0 0 1 4027 1642 0 0 5924 0 190 0 63008 0 5 262 477 0 0 99 236 42 5126 0 0 889 0 0 157 1 0 0 0 692 0 296 26 108 1 0 0 0 0 0 300 0 0 139 0 0 0 1 0 0 0 1 0 0 1069 1006 3 0 32 0 0 1 31 211 0 0 0 0 0 0 0 0 0 0
0 0 0 0 0 0 2688 0 0 0 0 3 0 0 0 2 0 0 0 0 4115 0 106 0 18157 0 19 0 31 1 12 0 1 0 2 0 4 0 0 0 0 0 1 0 0 0 23 1515 6 1 0 0 0 0 0 0 105 0 17 1 0 0 0 0 0 5 0 0 0 44 1390 34 0 0 1 0 0 1 15 0 0 0 0 0 0 0 0 0 0 0
0 0 0 0 0 0 0 0 0 0 0 0 0 0 0 1 0 0 0 0 1 0 0 0 0 0 5 0 0 1 0 0 0 0 2 0 0 1 0 0 0 0 0 0 0 1 0 0 0 0 0 0 0 0 1 0 0 0 0 3 0 1 3 2 0 0 0 0 0 0 0 0 0 0 0 0 2 0 0 0 0 0 0 0 0 0 0 0 0 0
0 0 0 0 0 0 1894 0 0 0 0 0 0 0 0 0 0 3 0 0 39282 60 163 0 9290 0 0 95 1 6 42 1 0 0 1 0 0 0 0 7 26 0 0 0 0 117 0 2207 987 2 0 0 1 0 0 0 938 0 0 35 0 0 3 0 12 0 0 0 0 410 449 0 0 36 5 0 0 0 267 8 0 4 0 0 0 0 0 0 0 0
0 1 0 1 2 0 902 2 0 0 0 23 1 0 0 1 0 0 2 0 20780 0 245 0 20804 0 9 0 2 0 1 0 0 0 1 4 0 1 0 0 0 0 0 0 0 0 1062 1707 3 0 0 0 0 0 2 0 350 0 0 0 0 0 3 0 0 0 0 0 1 95 319 13 1852 0 1 0 0 0 147 0 0 0 0 0 0 0 0 0 0 0
84 2 0 0 0 0 230 0 8 130 0 2 1 94 85 15 1 1 13 282 20 2 1 0 39 0 141973 5 1 0 0 0 0 0 5 35 0 0 0 0 1 0 1 0 0 1 0 0 4 0 0 0 0 0 1 0 0 0 0 1 2 4 2 2 0 0 1 2 0 3 0 4 0 0 0 0 0 0 1 8 0 0 0 0 0 0 0 0 0 0
0 0 0 0 9 0 28314 0 0 0 0 0 0 0 0 0 11 0 0 1 48996 0 133 0 60585 0 20 1 2 15 10 0 0 0 25 0 0 2 0 2 1 2 0 0 0 5 10835 10752 1444 0 0 2 3 1 0 0 1495 0 909 1 0 75 0 4 0 6 0 0 0 652 2135 5482 2065 0 3 0 0 0 116 0 0 0 0 0 0 0 0 0 0 0
0 4 127 4 0 2 6 0 0 0 14 41 3 0 0 287 0 0 0 0 60644 35 25 0 2 1 5 27 13 26 1 0 0 0 10 0 6 1 0 0 0 0 0 1 0 0 0 0 42 0 0 0 1 0 0 18 1053 0 1 0 1 2 0 1 0 0 0 4 10 3 1 0 0 25 2 1 0 36 278 17 0 1 0 0 0 0 0 0 0 77